Epoch | Training Loss | Validation Loss | Perplexity
------------------------------------------------------------
    1 |         1.727 |           1.656 |       5.24
    2 |         1.468 |           1.475 |       4.37
    3 |         1.251 |           1.340 |       3.82
    4 |         1.261 |           1.254 |       3.50
    5 |         0.992 |           1.207 |       3.35
    6 |         1.075 |           1.204 |       3.33
    7 |         0.998 |           1.182 |       3.26
    8 |         0.901 |           1.181 |       3.26
    9 |         0.877 |           1.200 |       3.32
   10 |         0.862 |           1.212 |       3.36
   11 |         0.812 |           1.227 |       3.41
